100,100
100,99
100,98
100,97
100,96
100,95
100,94
100,93
100,92
100,91
100,90
100,89
100,88
100,87
100,86
100,85
100,84
100,83
100,82
100,81
100,80
100,79
100,78
100,77
100,76
100,75
100,74
100,73
100,72
100,71
100,70
100,69
100,68
100,67
100,66
100,65
100,64
100,35
100,34
100,33
100,32
100,31
100,30
100,29
100,28
100,27
100,26
100,25
100,24
100,23
100,22
100,21
100,20
100,19
100,18
100,17
100,16
100,15
100,14
100,13
100,12
100,11
100,10
100,9
100,8
100,7
100,6
100,5
100,4
100,3
100,2
100,1
100,0
89,3
89,2
89,1
89,0
88,4
88,3
88,2
88,1
88,0
18,3
18,0
5,3
5,0
4,3
4,1
4,0
3,6
3,5
3,4
3,3
3,2
3,1
3,0
2,13
2,12
2,11
2,10
2,6
2,4
2,3
2,2
2,1
2,0
1,3
1,2
1,1
1,0
0,445
0,444
0,419
0,417
0,392
0,361
0,356
0,331
0,9
0,310
0,305
0,308
0,304
0,303
0,302
0,307
0,12
0,435
0,10
0,8
0,0
0,430
0,300
0,395
0,299
0,298
0,387
0,297
0,431
0,296
0,384
0,295
0,429
0,294
0,386
0,293
0,341
0,292
0,427
0,291
0,385
0,290
0,425
0,289
0,346
0,288
0,415
0,287
0,363
0,286
0,309
0,285
0,438
0,284
0,437
0,283
0,345
0,282
0,337
0,281
0,325
0,280
0,414
100,101
100,102
100,104
100,105
100,107
100,108
100,110
100,112
100,113
100,115
100,116
100,118
100,120
100,121
100,123
100,124
100,126
100,127
100,129
100,131
100,132
100,134
100,135
100,137
100,139
100,140
100,142
100,143
100,145
100,146
100,148
100,150
100,151
100,153
100,154
100,156
100,158
100,159
100,161
100,162
100,164
100,165
100,167
100,169
100,170
100,172
100,173
100,175
100,177
100,178
100,180
100,181
100,183
100,185
100,186
100,188
100,189
100,191
100,192
100,194
100,196
100,197
100,199
100,200
100,202
100,204
100,205
100,207
100,208
100,210
100,211
100,213
100,215
100,216
100,218
100,219
100,221
100,223
100,224
100,226
100,227
100,229
100,230
100,232
100,234
100,235
100,237
100,238
100,240
100,242
100,243
100,245
100,246
100,248
100,250
100,251
100,253
100,254
100,256
100,257
100,259
100,261
100,262
100,264
100,265
100,267
100,269
100,270
100,272
100,273
100,275
100,276
100,278
100,280
100,281
100,283
100,284
100,286
100,288
100,289
100,291
100,292
100,294
100,295
100,297
100,299
100,300
100,302
100,303
100,305
100,307
100,308
100,310
100,311
100,313
100,314
100,316
100,318
100,319
100,321
100,322
100,324
100,326
100,327
100,329
100,330
100,332
100,334
100,335
100,337
100,338
100,340
100,341
100,343
100,345
100,346
100,348
100,349
100,351
100,353
100,354
100,356
100,357
100,359
100,360
100,362
100,364
100,365
100,367
100,368
100,370
100,372
100,373
100,375
100,376
100,378
100,379
100,381
100,383
100,384
100,386
100,387
100,389
100,391
100,392
100,394
100,395
100,397
100,399
100,400
100,402
100,403
100,405
100,406
100,408
100,410
100,411
100,413
100,414
100,416
100,418
100,419
100,421
100,422
100,424
100,425
100,427
100,429
100,430
100,432
100,433
100,435
100,437
100,438
100,440
100,441
100,443
100,444
100,446
101,0
101,1
101,3
101,4
101,6
101,8
101,9
101,11
101,12
101,14
101,15
101,17
101,19
101,20
104,0
104,1
104,3
104,5
104,6
112,1
112,2
112,4
115,0
115,1
115,3
115,4
117,1
117,2
117,4
121,1
121,2
121,4
121,5
122,0
122,2
122,3
122,5
122,6
123,0
123,1
123,3
123,5
123,6
124,1
124,2
124,4
124,6
125,0
125,2
125,3
125,5
125,6
125,8
126,0
126,1
126,3
126,4
126,6
127,0
127,1
127,3
127,4
128,1
128,3
128,4
128,6
129,0
129,2
129,3
130,0
130,2
130,3
130,5
131,0
131,2
131,4
131,5
131,7
131,8
131,10
131,11
131,13
132,1
132,2
132,4
132,5
132,7
132,9
132,10
132,12
132,13
132,15
132,16
132,18
132,20
132,21
132,23
133,0
133,2
133,4
133,5
134,0
134,1
134,3
134,5
134,6
135,1
135,2
135,4
135,5
135,7
135,9
136,0
136,2
136,3
136,5
136,7
137,0
137,2
137,3
137,5
137,6
137,8
137,10
137,11
137,13
137,14
137,16
137,18
137,19
137,21
137,22
137,24
137,25
137,27
137,29
137,30
137,32
137,33
138,0
138,2
138,3
138,5
138,6
138,8
138,9
138,11
138,13
138,14
138,16
138,17
138,19
138,21
138,22
138,24
138,25
138,27
138,29
138,30
138,32
138,33
138,35
138,36
138,38
138,40
138,41
138,43
138,44
138,46
138,48
138,49
138,51
138,52
138,54
138,55
138,57
138,59
138,60
138,62
138,63
138,65
138,67
138,68
138,70
138,71
138,73
138,74
138,76
138,78
138,79
138,81
138,82
138,84
138,86
138,87
138,89
138,90
138,92
138,94
138,95
138,97
138,98
138,100
138,101
138,103
138,105
138,106
138,108
138,109
138,111
138,128
138,129
138,131
138,132
138,134
138,135
138,137
139,1
139,2
139,4
139,5
139,7
139,9
139,10
139,12
139,13
139,15
139,16
139,18
139,20
139,21
139,23
139,24
139,26
140,1
140,2
140,4
140,5
140,7
140,8
140,10
140,12
140,13
141,1
141,2
141,4
141,6
141,7
142,0
142,1
142,3
143,0
143,1
143,3
143,4
143,6
143,7
143,9
143,11
143,12
143,14
143,15
143,17
144,1
144,2
144,4
144,5
144,7
144,8
144,10
144,12
144,13
144,15
144,16
145,1
145,3
145,4
145,6
145,7
145,9
145,10
145,12
145,14
145,15
145,17
145,18
145,20
145,22
145,23
145,25
145,26
145,28
145,30
145,31
145,33
145,34
145,36
145,37
145,39
145,41
145,42
145,44
145,45
146,0
146,2
146,3
147,0
147,1
147,3
147,4
147,6
147,8
147,9
147,11
147,12
147,14
147,16
147,17
147,19
147,20
147,22
147,23
147,25
147,27
147,28
147,30
147,31
147,33
147,35
147,36
147,38
147,39
147,41
147,42
147,44
147,64
147,65
147,67
147,68
147,70
147,72
147,73
147,75
147,76
147,78
147,80
147,81
147,83
147,84
147,86
148,0
148,2
148,4
148,5
148,7
148,8
148,10
148,12
148,13
148,15
148,16
149,1
149,2
149,4
150,1
150,2
150,4
150,5
150,7
150,9
150,10
150,12
150,13
150,15
150,16
150,18
150,20
150,21
150,23
150,24
150,26
150,28
150,29
150,31
150,32
151,0
151,2
151,3
151,5
151,6
151,8
151,9
151,11
151,13
151,14
151,16
151,17
151,19
152,1
152,2
152,4
153,0
153,2
153,3
153,4
153,1
152,3
152,0
151,18
151,15
151,12
151,10
151,7
151,4
151,1
150,33
150,30
150,27
150,25
150,22
150,19
150,17
150,14
150,11
150,8
150,6
150,3
150,0
149,3
149,0
148,14
148,11
148,9
148,6
148,3
148,1
147,85
147,82
147,79
147,77
147,74
147,71
147,69
147,66
147,45
147,43
147,40
147,37
147,34
147,32
147,29
147,26
147,24
147,21
147,18
147,15
147,13
147,10
147,7
147,5
147,2
146,4
146,1
145,46
145,43
145,40
145,38
145,35
145,32
145,29
145,27
145,24
145,21
145,19
145,16
145,13
145,11
145,8
145,5
145,2
145,0
144,14
144,11
144,9
144,6
144,3
144,0
143,16
143,13
143,10
143,8
143,5
143,2
142,4
142,2
141,8
141,5
141,3
141,0
140,11
140,9
140,6
140,3
140,0
139,25
139,22
139,19
139,17
139,14
139,11
139,8
139,6
139,3
139,0
138,136
138,133
138,130
138,112
138,110
138,107
138,104
138,102
138,99
138,96
138,93
138,91
138,88
138,85
138,83
138,80
138,77
138,75
138,72
138,69
138,66
138,64
138,61
138,58
138,56
138,53
138,50
138,47
138,45
138,42
138,39
138,37
138,34
138,31
138,28
138,26
138,23
138,20
138,18
138,15
138,12
138,10
138,7
138,4
138,1
137,34
137,31
137,28
137,26
137,23
137,20
137,17
137,15
137,12
137,9
137,7
137,4
137,1
136,6
136,4
136,1
135,8
135,6
135,3
135,0
134,4
134,2
133,6
133,3
133,1
132,22
132,19
132,17
132,14
132,11
132,8
132,6
132,3
132,0
131,12
131,9
131,6
131,3
131,1
130,4
130,1
129,4
129,1
128,5
128,2
128,0
127,2
126,7
126,5
126,2
125,9
125,7
125,4
125,1
124,5
124,3
124,0
123,4
123,2
122,7
122,4
122,1
121,6
121,3
121,0
117,3
117,0
115,2
112,5
112,3
112,0
104,4
104,2
101,21
101,18
101,16
101,13
101,10
101,7
101,5
101,2
100,447
100,445
100,442
100,439
100,436
100,434
100,431
100,428
100,426
100,423
100,420
100,417
100,415
100,412
100,409
100,407
100,404
100,401
100,398
100,396
100,393
100,390
100,388
100,385
100,382
100,380
100,377
100,374
100,371
100,369
100,366
100,363
100,361
100,358
100,355
100,352
100,350
100,347
100,344
100,342
100,339
100,336
100,333
100,331
100,328
100,325
100,323
100,320
100,317
100,315
100,312
100,309
100,306
100,304
100,301
100,298
100,296
100,293
100,290
100,287
100,285
100,282
100,279
100,277
100,274
100,271
100,268
100,266
100,263
100,260
100,258
100,255
100,252
100,249
100,247
100,244
100,241
100,239
100,236
100,233
100,231
100,228
100,225
100,222
100,220
100,217
100,214
100,212
100,209
100,206
100,203
100,201
100,198
100,195
100,193
100,190
100,187
100,184
100,182
100,179
100,176
100,174
100,171
100,168
100,166
100,163
100,160
100,157
100,155
100,152
100,149
100,147
100,144
100,141
100,138
100,136
100,133
100,130
100,128
100,125
100,122
100,119
100,117
100,114
100,111
100,109
100,106
100,103
0,279
0,326
0,278
0,340
0,277
0,409
0,276
0,407
0,275
0,339
0,274
0,370
0,273
0,405
0,272
0,271
0,323
0,270
0,436
0,269
0,423
0,268
0,432
0,267
0,402
0,266
0,404
0,265
0,421
0,264
0,399
0,263
0,420
0,262
0,400
0,261
0,260
0,328
0,259
0,398
0,258
0,311
0,257
0,338
0,256
0,344
0,255
0,254
0,428
0,253
0,252
0,381
0,251
0,301
0,250
0,343
0,249
0,248
0,383
0,247
0,382
0,246
0,397
0,245
0,244
0,379
0,242
0,241
0,442
0,240
0,376
0,239
0,443
0,238
0,440
0,237
0,394
0,236
0,362
0,235
0,401
0,234
0,327
0,233
0,426
0,232
0,231
0,367
0,230
0,229
0,324
0,228
0,424
0,227
0,321
0,226
0,317
0,225
0,422
0,224
0,347
0,223
0,410
0,222
0,358
0,221
0,316
0,220
0,315
0,219
0,313
0,218
0,354
0,217
0,439
0,216
0,352
0,215
0,351
0,214
0,350
0,213
0,355
0,212
0,348
0,211
0,406
0,210
0,336
0,209
0,320
0,208
0,373
0,207
0,372
0,206
0,335
0,205
0,204
0,334
0,203
0,446
0,202
0,365
0,201
0,371
0,200
0,333
0,199
0,349
0,198
0,332
0,197
0,196
0,403
0,195
0,194
0,330
0,193
0,369
0,192
0,389
0,63
0,360
0,62
0,433
0,61
0,413
0,60
0,359
0,59
0,319
0,58
0,418
0,57
0,318
0,56
0,416
0,55
0,342
0,54
0,411
0,53
0,357
0,52
0,329
0,51
0,314
0,50
0,391
0,49
0,312
0,48
0,393
0,47
0,412
0,46
0,306
0,45
0,353
0,6
0,5
0,1
0,11
0,4
0,2
0,3
0,7
